41
1 0 0 0 0 1 0 0 0 0 1 0 0 0 0 1
0.99985 0.00240336 -0.017176 -21.7413 -0.0025606 0.999955 -0.00913874 -13.809 0.0171532 0.00918135 0.999811 125.847 -0 0 -0 1
0.999877 -0.00982564 -0.0122571 -41.9874 0.00978954 0.999948 -0.00300169 -41.274 0.0122859 0.00288133 0.99992 236.13 -0 0 -0 1
0.999952 -0.00949718 0.00225942 -74.2924 0.00953422 0.99981 -0.0169875 -61.2573 -0.00209766 0.0170082 0.999853 351.382 -0 -0 -0 1
0.996516 -0.0290964 0.078157 -184.065 0.0321327 0.998766 -0.037876 -69.8273 -0.0769585 0.0402554 0.996221 419.453 -0 -0 -0 1
0.98808 -0.0618609 0.140965 -298.391 0.064591 0.997801 -0.0148707 -76.9765 -0.139735 0.0237985 0.989903 448.968 -0 -0 -0 1
0.966044 -0.082964 0.244697 -425.44 0.0860781 0.996286 -0.00204055 -94.1265 -0.243619 0.0230343 0.969597 536.041 -0 -0 -0 1
0.943888 -0.106921 0.31248 -508.488 0.11297 0.993598 -0.00125969 -103.402 -0.310345 0.0364897 0.949924 575.753 -0 -0 -0 1
0.902001 -0.135297 0.409986 -608.041 0.152189 0.988313 -0.00867994 -110.866 -0.40402 0.0702246 0.912051 656.27 -0 -0 -0 1
0.863057 -0.139246 0.485534 -692.636 0.163245 0.986559 -0.00724043 -122.944 -0.477999 0.0855097 0.874188 710.809 -0 -0 -0 1
0.86552 -0.146348 0.479016 -797.33 0.170663 0.985302 -0.00733924 -134.144 -0.470902 0.0881026 0.877775 766.791 -0 -0 -0 1
0.831078 -0.152369 0.534877 -875.66 0.181968 0.983301 -0.0026271 -154.412 -0.525545 0.0995139 0.844926 842.881 -0 -0 -0 1
0.763259 -0.143139 0.630037 -951.722 0.186685 0.982415 -0.00296368 -168.343 -0.618534 0.119881 0.77656 904.382 -0 -0 -0 1
0.795617 -0.164856 0.582938 -1026.99 0.179626 0.983185 0.032886 -192.678 -0.578558 0.078546 0.811851 971.318 -0 -0 -0 1
0.742383 -0.199022 0.639733 -1135.57 0.216293 0.974927 0.0523018 -200.667 -0.634102 0.0995417 0.766816 1053.45 -0 -0 -0 1
0.7374 -0.191157 0.647842 -1217.09 0.201518 0.9777 0.059111 -216.175 -0.644695 0.0869635 0.759478 1140.38 -0 -0 -0 1
0.701145 -0.200684 0.684195 -1360.45 0.204221 0.975895 0.0769627 -234.675 -0.683147 0.0857652 0.725227 1235.55 -0 -0 -0 1
0.546173 -0.233491 0.804473 -1436.4 0.26863 0.958467 0.0958081 -243.03 -0.793431 0.163777 0.586212 1310.27 -0 -0 -0 1
0.42262 -0.232904 0.87587 -1514.46 0.304835 0.94664 0.104635 -273.358 -0.853503 0.222775 0.471066 1407.15 -0 -0 -0 1
0.330599 -0.231997 0.914813 -1542.38 0.320261 0.939377 0.122489 -287.866 -0.887771 0.252484 0.384857 1493.74 -0 -0 -0 1
0.266975 -0.192141 0.944355 -1556.03 0.304541 0.946528 0.106487 -306.261 -0.914319 0.259166 0.311215 1568.74 -0 -0 -0 1
0.478358 -0.190427 0.85727 -1510.83 0.256424 0.96395 0.071039 -267.515 -0.839893 0.185843 0.509943 1436.45 -0 -0 -0 1
0.531039 -0.208462 0.821304 -1446.8 0.252413 0.964179 0.0815213 -235.595 -0.808879 0.164017 0.564636 1297.87 -0 -0 -0 1
0.638946 -0.186299 0.746352 -1345.18 0.236169 0.970882 0.0401619 -210.411 -0.732101 0.150604 0.664339 1166.46 -0 -0 -0 1
0.665747 -0.190987 0.721322 -1235.23 0.23897 0.970346 0.0363639 -184.734 -0.706877 0.148165 0.691645 1057.64 -0 -0 -0 1
0.748569 -0.170454 0.640773 -1105.79 0.181776 0.982123 0.0489023 -145.827 -0.637654 0.0798703 0.766171 917.847 -0 -0 -0 1
0.773606 -0.199465 0.601455 -964.413 0.177695 0.979368 0.0962395 -135.057 -0.608242 0.0324243 0.793089 807.387 -0 -0 -0 1
0.831464 -0.173318 0.527853 -845.656 0.156473 0.984688 0.0768434 -112.681 -0.53309 0.0187025 0.845852 713.745 -0 -0 -0 1
0.875679 -0.155792 0.457072 -694.629 0.147255 0.987596 0.0545021 -79.4058 -0.459893 0.01958 0.887758 602.767 -0 -0 -0 1
0.927393 -0.126184 0.352164 -574.045 0.126258 0.991734 0.022858 -52.6062 -0.352138 0.0232653 0.935659 506.002 -0 -0 -0 1
0.958666 -0.0828505 0.272206 -432.733 0.0829797 0.99649 0.0110576 -35.3539 -0.272166 0.0119871 0.962176 458.182 -0 -0 -0 1
0.968549 -0.0793423 0.235836 -293.192 0.0793174 0.996803 0.00960822 -34.545 -0.235844 0.00939983 0.971745 420.256 -0 -0 -0 1
0.997007 -0.0373686 0.0676839 -175.697 0.0374974 0.999297 -0.00063264 -29.052 -0.0676126 0.00316872 0.997707 393.522 -0 -0 -0 1
0.999765 -0.0148614 -0.0158108 -41.1779 0.0149628 0.999868 0.00631701 -31.7316 0.0157148 -0.0065521 0.999855 407.044 -0 -0 -0 1
0.992198 -0.00384681 -0.124616 70.4663 0.00236737 0.999925 -0.0120178 -30.6166 0.124653 0.0116291 0.992132 459.61 -0 0 -0 1
0.969024 0.0443437 -0.242951 233.199 -0.0496493 0.998642 -0.0157557 -55.9931 0.241923 0.02733 0.969911 540.534 -0 0 -0 1
0.937431 0.0612152 -0.342746 422.777 -0.0726575 0.997144 -0.0206307 -83.7004 0.340504 0.0442429 0.939201 586.131 -0 0 -0 1
0.879048 0.116312 -0.462326 552.16 -0.122198 0.992355 0.0173134 -100.855 0.460805 0.0412761 0.886541 678.657 -0 -0 -0 1
0.840686 0.123292 -0.527301 685.249 -0.155109 0.987762 -0.0163371 -110.108 0.518834 0.0955234 0.849522 732.952 -0 0 -0 1
0.735198 0.14728 -0.661659 816.742 -0.18591 0.982492 0.0121228 -141.118 0.65186 0.114096 0.749707 821.963 -0 -0 -0 1
0.684504 0.152609 -0.712857 924.029 -0.188082 0.981708 0.0295632 -177.03 0.704329 0.113839 0.700686 920.402 -0 -0 -0 1
