30
1 0 0 -0 0 1 0 0 0 0 1 0 -0 0 -0 1
0.997462 0.0477023 0.0528637 36.8196 -0.0487837 0.998622 0.019356 -36.6637 -0.0518675 -0.0218858 0.998414 -31.0063 0 -0 -0 1
0.996601 0.0521584 0.0637645 74.904 -0.0509143 0.998483 -0.0209827 -75.3952 -0.0647622 0.0176649 0.997744 -53.7326 -0 -0 -0 1
0.993518 0.109902 0.0290405 98.6245 -0.111265 0.992511 0.0504246 -90.6268 -0.0232812 -0.0533289 0.998306 -58.2955 0 -0 -0 1
0.992268 0.123768 0.00923136 137.224 -0.12411 0.989165 0.0784202 -108.467 0.000574549 -0.0789596 0.996878 -66.0832 -0 0 -0 1
0.985427 0.149012 -0.0820263 191.562 -0.135362 0.979015 0.152336 -140.879 0.103005 -0.139013 0.984919 -73.8806 -0 -0 -0 1
0.981973 0.150153 -0.114822 221.217 -0.134806 0.982116 0.131436 -98.273 0.132504 -0.113588 0.984652 -85.5632 -0 -0 -0 1
0.96777 0.203204 -0.148758 225.066 -0.182374 0.972854 0.142459 -48.5991 0.173668 -0.110738 0.978558 -84.7717 -0 -0 -0 1
0.967982 0.15705 -0.195824 232.971 -0.151686 0.987528 0.0421884 -6.68217 0.200007 -0.0111337 0.979731 -82.1925 -0 -0 -0 1
0.96728 0.138147 -0.212803 235.832 -0.147012 0.988784 -0.0263338 40.2735 0.206778 0.0567566 0.97674 -82.7588 -0 0 -0 1
0.979287 0.142445 -0.143896 193.46 -0.158214 0.981827 -0.104801 79.9929 0.126352 0.125396 0.984028 -90.9026 -0 0 -0 1
0.98313 0.162853 -0.0832749 133.598 -0.171592 0.978829 -0.111582 98.2835 0.0633405 0.123989 0.99026 -68.8287 -0 0 -0 1
0.995679 0.0928591 0.000583038 101.664 -0.0913628 0.98072 -0.172747 103.905 -0.0166129 0.171947 0.984966 -65.2786 -0 -0 -0 1
0.99729 0.056683 0.0469007 62.6092 -0.0472152 0.982006 -0.18285 94.7765 -0.0564213 0.18014 0.982022 -57.4784 -0 -0 -0 1
0.993693 0.0337052 0.106945 32.2838 -0.021484 0.993313 -0.113436 46.535 -0.110053 0.110423 0.987773 -57.0198 -0 -0 -0 1
0.988803 0.03044 0.14609 6.16989 -0.017125 0.995653 -0.0915488 15.0338 -0.148242 0.0880219 0.985026 -57.6743 -0 -0 -0 1
0.962275 -0.036796 0.269578 -25.9899 0.0590252 0.995449 -0.0748206 -21.3789 -0.265598 0.0879099 0.960068 -58.3516 -0 -0 -0 1
0.959765 -0.00475446 0.280766 -65.463 0.0273688 0.99668 -0.0766794 -44.205 -0.279469 0.0812784 0.956708 -56.2 -0 -0 -0 1
0.940423 -0.0531116 0.335832 -91.5199 0.0611551 0.998038 -0.0134124 -60.6221 -0.334461 0.0331512 0.941826 -41.5245 -0 -0 -0 1
0.954026 -0.104831 0.280794 -120.035 0.112067 0.993652 -0.00979201 -87.9279 -0.277985 0.0408096 0.959718 -36.5766 -0 -0 -0 1
0.927407 -0.126209 0.352118 -141.466 0.12096 0.991969 0.0369664 -120.494 -0.353956 0.00830927 0.935225 -22.1303 -0 -0 -0 1
0.85092 -0.152957 0.502533 -166.298 0.124097 0.988123 0.0906295 -115.474 -0.510426 -0.0147559 0.859795 1.34839 0 -0 -0 1
0.930791 -0.0896952 0.354377 -168.377 0.0960549 0.995376 -0.000356937 -67.2762 -0.352707 0.0343719 0.935102 -17.3189 -0 -0 -0 1
0.946275 -0.0898632 0.310626 -156.842 0.10628 0.993673 -0.0362994 -34.9965 -0.305399 0.0673626 0.949839 -31.0246 -0 -0 -0 1
0.94913 -0.100108 0.298546 -131.826 0.113436 0.993162 -0.027607 0.895198 -0.293741 0.0600684 0.953996 -30.6999 -0 -0 -0 1
0.975507 -0.0808769 0.204563 -94.6747 0.0972257 0.992715 -0.0711592 39.9979 -0.197317 0.089305 0.976264 -48.6213 -0 -0 -0 1
0.986037 -0.0725833 0.149875 -44.8599 0.0872222 0.991789 -0.0935246 79.8074 -0.141856 0.105291 0.984272 -63.7704 -0 -0 -0 1
0.990372 -0.00991076 0.138076 -5.66021 0.026543 0.992522 -0.119143 95.8929 -0.135863 0.121661 0.983229 -78.8823 -0 -0 -0 1
0.986669 0.0380342 0.158233 21.0997 -0.0188605 0.992479 -0.120955 72.9913 -0.161644 0.116358 0.979965 -94.0017 -0 -0 -0 1
0.974443 0.0328942 0.222216 11.2534 0.00292723 0.987277 -0.158981 28.0436 -0.224618 0.155569 0.961949 -96.0038 0 0 0 1
