28
0.958721 -0.003874 -0.284323 52.108913 -0.049692 0.982238 -0.180943 168.378250 0.279974 0.187602 0.941499 101.333336 0.000000 0.000000 0.000000 1.000000 
0.975440 -0.000800 -0.220265 27.912668 -0.034397 0.987171 -0.155915 78.279503 0.217564 0.159663 0.962898 39.649506 0.000000 0.000000 0.000000 1.000000 
1.000000 0.000000 0.000000 0.000000 0.000000 1.000000 0.000000 0.000000 0.000000 0.000000 1.000000 0.000000 0.000000 0.000000 0.000000 1.000000 
0.999418 -0.002117 0.034046 -50.856380 0.001372 0.999759 0.021893 -39.136024 -0.034084 -0.021833 0.999180 -9.257863 0.000000 0.000000 0.000000 1.000000 
0.996959 -0.034652 0.069802 -92.743408 0.031902 0.998685 0.040142 -52.024158 -0.071101 -0.037793 0.996753 -7.156783 0.000000 0.000000 0.000000 1.000000 
0.993956 -0.053104 0.096077 -130.264328 0.051304 0.998460 0.021115 -48.892281 -0.097050 -0.016058 0.995150 -15.459783 0.000000 0.000000 0.000000 1.000000 
0.990322 -0.096954 0.099311 -143.434692 0.096853 0.995282 0.005843 -46.078251 -0.099409 0.003832 0.995039 -17.288168 0.000000 0.000000 0.000000 1.000000 
0.983570 -0.131872 0.123289 -163.856705 0.130023 0.991245 0.022960 -34.753502 -0.125238 -0.006552 0.992105 -8.411760 0.000000 0.000000 0.000000 1.000000 
0.977853 -0.161634 0.132955 -181.413589 0.160051 0.986850 0.022584 -5.612072 -0.134857 -0.000804 0.990865 6.939257 0.000000 0.000000 0.000000 1.000000 
0.970406 -0.191984 0.146475 -189.964813 0.200554 0.978600 -0.046040 29.508921 -0.134502 0.074053 0.988142 3.543031 0.000000 0.000000 0.000000 1.000000 
0.965833 -0.198596 0.166510 -210.848038 0.212208 0.974841 -0.068211 65.763496 -0.148775 0.101216 0.983678 7.639669 0.000000 0.000000 0.000000 1.000000 
0.968773 -0.184255 0.165916 -215.743729 0.209412 0.966313 -0.149621 99.582970 -0.132758 0.179693 0.974723 -5.444871 0.000000 0.000000 0.000000 1.000000 
0.964268 -0.164340 0.207794 -249.803955 0.204495 0.960364 -0.189429 140.215332 -0.168427 0.225153 0.959655 -3.847358 0.000000 0.000000 0.000000 1.000000 
0.968409 -0.146962 0.201459 -294.091858 0.191256 0.956134 -0.221874 148.496292 -0.160014 0.253395 0.954037 6.771432 0.000000 0.000000 0.000000 1.000000 
0.902994 -0.238687 0.357255 -308.609894 0.351005 0.889348 -0.293010 163.889572 -0.247787 0.389985 0.886856 12.205575 0.000000 0.000000 0.000000 1.000000 
0.892623 -0.255792 0.371209 -336.193909 0.367707 0.889496 -0.271271 177.740173 -0.260800 0.378639 0.888041 37.038425 0.000000 0.000000 0.000000 1.000000 
0.906521 -0.240473 0.346976 -363.627899 0.349699 0.888177 -0.298080 184.558792 -0.236496 0.391553 0.889245 44.390339 0.000000 0.000000 0.000000 1.000000 
0.883354 -0.255822 0.392734 -389.815613 0.385297 0.873466 -0.297663 168.472626 -0.266891 0.414262 0.870147 66.370384 0.000000 0.000000 0.000000 1.000000 
0.859347 -0.326546 0.393561 -361.290894 0.445316 0.856198 -0.261951 120.825691 -0.251428 0.400366 0.881187 44.061176 0.000000 0.000000 0.000000 1.000000 
0.904965 -0.324176 0.275587 -340.238068 0.385055 0.899542 -0.206291 82.243523 -0.181028 0.292803 0.938880 26.878080 0.000000 0.000000 0.000000 1.000000 
0.863114 -0.385403 0.326341 -291.518738 0.456519 0.871747 -0.177896 61.221947 -0.215925 0.302525 0.928361 4.993715 0.000000 0.000000 0.000000 1.000000 
0.869032 -0.387412 0.307726 -245.797379 0.443153 0.886076 -0.135957 34.045704 -0.219998 0.254520 0.941711 -27.156418 0.000000 0.000000 0.000000 1.000000 
0.938100 -0.262931 0.225470 -211.613556 0.288158 0.953637 -0.086842 30.984468 -0.192184 0.146437 0.970372 -41.065338 0.000000 0.000000 0.000000 1.000000 
0.967186 -0.203007 0.152773 -143.671509 0.215813 0.973751 -0.072351 35.963680 -0.134075 0.102947 0.985609 -54.262650 0.000000 0.000000 0.000000 1.000000 
0.978612 -0.146230 0.144693 -103.147812 0.158581 0.984275 -0.077809 94.883270 -0.131040 0.099091 0.986413 -45.382431 0.000000 0.000000 0.000000 1.000000 
0.996780 -0.054619 0.058707 -78.686119 0.061494 0.990558 -0.122528 150.096039 -0.051460 0.125743 0.990727 -41.097931 0.000000 0.000000 0.000000 1.000000 
0.966003 0.044658 -0.254646 39.830860 -0.080961 0.987680 -0.133917 170.851974 0.245528 0.149981 0.957717 53.926666 0.000000 0.000000 0.000000 1.000000 
0.967217 0.032907 -0.251809 75.013672 -0.075280 0.984154 -0.160541 230.077606 0.242536 0.174235 0.954368 56.296379 0.000000 0.000000 0.000000 1.000000 
