10
0.591187 -0.367647 0.717868 -1359.079956 0.321853 0.923663 0.207987 -402.947357 -0.739533 0.108088 0.664385 1107.158691 0.000000 0.000000 0.000000 1.000000
0.677365 -0.398058 0.618650 -1175.595825 0.347380 0.914369 0.207984 -331.123108 -0.648464 0.074025 0.757638 878.814270 0.000000 0.000000 0.000000 1.000000
0.672049 -0.355877 0.649386 -1065.472900 0.318633 0.930588 0.180229 -269.262695 -0.668449 0.085792 0.738793 606.192993 0.000000 0.000000 0.000000 1.000000
0.750337 -0.324413 0.575980 -910.804749 0.302384 0.943238 0.137349 -131.583740 -0.587845 0.071108 0.805843 418.933685 0.000000 0.000000 0.000000 1.000000
0.846054 -0.279077 0.454212 -756.257812 0.262465 0.959667 0.100752 -79.032204 -0.464010 0.033972 0.885179 268.303925 0.000000 0.000000 0.000000 1.000000
0.923304 -0.232600 0.305629 -585.761658 0.203810 0.971199 0.123427 0.586731 -0.325536 -0.051671 0.944118 92.958092 0.000000 0.000000 0.000000 1.000000
0.985460 -0.118065 0.122192 -340.219391 0.104621 0.988282 0.111149 31.603283 -0.133883 -0.096750 0.986262 17.975891 0.000000 0.000000 0.000000 1.000000
1.000000 0.000000 0.000000 0.000000 0.000000 1.000000 0.000000 0.000000 0.000000 0.000000 1.000000 0.000000 0.000000 0.000000 0.000000 1.000000
0.975863 0.069431 -0.207050 131.932266 -0.046603 0.992483 0.113162 -16.904991 0.213350 -0.100783 0.971764 67.902977 0.000000 0.000000 0.000000 1.000000
0.883838 0.187556 -0.428551 482.797150 -0.137459 0.979791 0.145313 -46.069183 0.447144 -0.069526 0.891756 150.604095 0.000000 0.000000 0.000000 1.000000 0